18.7821
19.9313
20.283
21.4102
21.7245
22.8248
23.2467
24.3455
24.6986
25.7768
26.1815
27.2262
27.5557
28.6498
29.0059
30.0956
30.5138
31.5413
31.9246
32.9472
33.3472
34.4215
34.7729
35.7889
36.2067
37.2924
37.6416
38.6964
39.1729
40.1492
40.565
41.5087
41.9373
42.9763
43.3563
44.3693
44.7042
45.8143
46.22
47.2859
47.6224
48.587
49.0253
50.0434
50.5147
51.4553
51.8793
52.8861
53.2638
54.2874
54.6578
55.6784
56.1202
57.188
57.5622
58.5691
58.9817
59.9842
60.3965
61.2965
61.7677
62.8277
63.1323
64.2154
64.6002
65.58
65.9127
66.9423
67.3657
68.4149
68.7783
69.7119
70.2306
71.2962
71.694
72.5934
73.1279
74.0718
74.4358
75.4268
75.7415
76.8233
77.2634
78.1448
78.5772
79.4919
80.0075
80.9636
81.3391
82.3795
82.8911
83.8056
84.2258
85.1664
85.5316
86.6327
86.9619
88.0539
88.3593
89.4173
89.7889
90.7694
91.12
92.0181
92.5099
93.5866
93.9987
95.099
95.4067
96.2061
96.7299
97.7963
98.1871
99.2418
99.6352
100.469
100.889
101.84
102.311
103.349
103.748
104.698
105.161
106.165
106.461
107.562
108.028
108.868
109.349
110.342
110.701
111.62
112.244
112.901
113.575
114.51
114.96
115.878
116.276
117.295
117.735
118.625
118.967
120.044
120.528
121.391
121.869
122.784
123.227
124.119
124.69
125.546
125.896
127.093
127.325
128.365
128.728
129.788
130.173
131.01
131.698
132.598
132.881
133.864
134.39
135.318
135.653
136.733
137.134
138.076
138.557
139.429
139.871
140.909
141.181
142.336
