5.6429e-06
5.8733e-06
5.9044e-06
5.9641e-06
5.9864e-06
6.1055e-06
6.0798e-06
6.2527e-06
7.1939e-06
7.2485e-06
7.3064e-06
7.3364e-06
7.3841e-06
7.5304e-06
7.5977e-06
8.2001e-06
9.3539e-06
7.7251e-06
7.8132e-06
7.7999e-06
7.9595e-06
7.9157e-06
8.0418e-06
8.0821e-06
9.1049e-06
9.3788e-06
9.0005e-06
9.5545e-06
8.4918e-06
8.4087e-06
8.5163e-06
8.5411e-06
8.6256e-06
8.7409e-06
1.04675e-05
9.0249e-06
8.8175e-06
8.9652e-06
8.945e-06
9.0313e-06
1.07908e-05
1.08143e-05
1.08384e-05
1.09835e-05
1.09872e-05
1.12072e-05
1.11716e-05
1.38272e-05
1.26176e-05
1.19039e-05
1.36824e-05
1.20502e-05
1.30427e-05
1.16383e-05
1.1937e-05
1.18307e-05
1.18003e-05
1.17949e-05
1.18446e-05
1.18851e-05
1.19638e-05
1.21344e-05
1.36088e-05
1.35007e-05
1.22414e-05
1.23217e-05
1.22609e-05
1.26082e-05
1.44699e-05
1.37253e-05
1.37736e-05
1.26846e-05
1.27065e-05
1.29053e-05
1.30874e-05
1.49831e-05
1.30078e-05
1.30316e-05
1.31957e-05
1.3096e-05
1.35442e-05
1.31943e-05
1.34839e-05
1.33359e-05
1.33836e-05
1.66348e-05
1.46053e-05
1.56791e-05
1.56155e-05
1.3687e-05
1.3951e-05
1.37923e-05
1.37705e-05
1.3973e-05
1.40303e-05
1.40414e-05
1.40746e-05
1.72231e-05
1.43181e-05
1.42495e-05
1.43539e-05
1.45626e-05
1.57909e-05
1.64064e-05
1.89935e-05
1.77681e-05
1.78775e-05
1.97779e-05
1.80675e-05
1.80412e-05
1.815e-05
1.83328e-05
1.82294e-05
1.82928e-05
1.92627e-05
2.15154e-05
2.0644e-05
2.03659e-05
1.86503e-05
1.87191e-05
1.8774e-05
1.89585e-05
1.89078e-05
1.89684e-05
2.1706e-05
1.92841e-05
1.92276e-05
1.9198e-05
2.24907e-05
2.06801e-05
1.93671e-05
1.96411e-05
2.16916e-05
1.97746e-05
1.95189e-05
1.97924e-05
1.97594e-05
1.99987e-05
2.01399e-05
2.26325e-05
2.20347e-05
2.34115e-05
2.18554e-05
2.01918e-05
2.01654e-05
2.03189e-05
2.03586e-05
2.27278e-05
2.08232e-05
2.05061e-05
2.08758e-05
2.20569e-05
2.38999e-05
2.09945e-05
2.08515e-05
2.29263e-05
2.09201e-05
2.09838e-05
2.11003e-05
2.11963e-05
2.12182e-05
2.35293e-05
2.25731e-05
2.38014e-05
2.32343e-05
2.15264e-05
2.16535e-05
2.16111e-05
2.16555e-05
2.416e-05
2.2023e-05
2.18354e-05
2.18573e-05
2.38089e-05
2.46337e-05
2.22629e-05
